
// exp may be of interest
real whole-gear vs real whole gear rotated
cos2: 628178 / 620908 = 1.0117
sin2: 613738 / 610411 = 1.0055
cos:  21860.9 / 26891.8 = 0.81292
sin: -32111.4 / -34016.9 = 0.94398
cos2x: 14439.8 / 10496.1 = 1.3757
sin2x: 7709.58 / 7593.28 = 1.0153
iden: 7.51387e+07 / 7.32432e+07 = 1.0259
x2: 4.65042e+09 / 4.47021e+09 = 1.0403
x3: 2.93778e+11 / 2.79258e+11 = 1.0520
xSinx: -1.78422e+06 / -1.74355e+06 = 1.0233
xCosx: 1.72963e+06 / 1.95764e+06 = 0.88353
x2Sin: -1.03589e+08 / -9.4235e+07 = 1.0993
x2Cos: 1.31166e+08 / 1.40855e+08 = 0.93121
xSin2: 3.71737e+07 / 3.63535e+07 = 1.0226
xCos2: 3.7965e+07 / 3.68897e+07 = 1.0291
cosSin: 6628.77 / 5848.15 = 1.1335

real partial gear vs RayPlan partial gear
sqrt(sigmaA / sigmaB) = 1.1600
cos2: 343826 / 295325 = 1.1642
sin2: 343810 / 295100 = 1.1651
cos:  -1681.41 / 244.147
sin:  463.167 / 673.443 = 0.68776
cos2x: 15.6794 / 225.781
sin2x: 59.2355 / 366.668
iden: 5.85387e+07 / 4.8789e+07 = 1.1998
x2:   6.39726e+09 / 5.19562e+09 = 1.2313
x3:   7.96235e+11 / 6.36169e+11 = 1.2516
xSinx: 66140.9 / 51797.6 = 1.2769
xCosx: -141236 / 52860.7 = -2.6719
x2Sin: 5.18174e+06 / 4.65183e+06 = 1.1139
x2Cos: -1.86759e+07 / 6.17028e+06 = -3.0268
xSin2: 2.92629e+07 / 2.43875e+07 = 1.1999
xCos2: 2.92758e+07 / 2.44015e+07 = 1.1998

